Time_start = Wed Jun 18 02:24:17 2014
Time_end = Wed Jun 18 02:24:17 2014
Total_iterations = 0
SNRdB = 4.235179e-022
P0 = 1.586557e-001
Pb = -1.#IND00e+000
PB = -1.#IND00e+000
